692065 
183011 
106414 
78996.3
64841.4
53507.4
46920.1
42360.4
41559.2
39943.8
39838.3
39891.7
39727.9
40193.6
40005.4
40130.5
39966.8
39817.3
39795.1
39950.3
40034.8
43631.6
43603.1
44510.5
46099.1
44708.7
44812.1
44864.9
45158  
45187  
45634.7
43825.4
44052.4
43586  
44677.2
44882.2
45392  
44287.6
44108.3
45284.3
44327.2
45713.6
44974.7
53352.6
55988.4
54596.5
56080.7
54408.5
56582.7
54126  
53931.8
56240.4
54056  
53934.9
54561.2
57640.4
54299.8
56043.2
56635.6
57389.2
53585  
57235.6
56834.5
55309.8
58920.3
58583.8
59784  
55464.4
55745.9
59093  
60452.1
59708.7
59146.5
60053.3
59120.2
59570.4
60031.3
60053.5
59526.7
59536.6
58800.7
59906.7
59858.1
59102.4
60672.5
103837 
106835 
107369 
112222 
104379 
105504 
106036 
113205 
113978 
107100 
105102 
103615 
109832 
111016 
104543 