401765 
121625 
72186.3
54833.7
45089.6
40601.5
37976  
38690.3
38927.3
38865.5
38605.3
42793.8
43757.5
43918.8
43830.9
42633.9
44447.6
43710.6
43966.8
43767.7
44128.8
53095.4
50489.9
52654.7
51686.1
51720.6
53101.3
54467.8
54880.9
54308.9
55315.4
55704.7
56571.6
57684.6
55644.6
55514.5
56464.2
53993  
58883.5
54693.4
57898.5
57121.9
56384.9
102881 
104440 
105028 
100298 
107844 
107929 
100927 
108701 
101467 
107266 
97027.6
103791 
104679 
106514 
104161 
102947 
107799 
101492 
109775 
110332 
100845 
106667 
102022 
101811 
110788 
108221 
112979 
112080 
106700 
110341 
113400 
112955 
118333 
117962 
122770 
119966 
116995 
115574 
113784 
116017 
113539 
113728 