616523
170656
107361
80564 
67067 
58873 
51863 
49017 
45111 
44695 
42198 
40603 
39663 
40127 
38415 
39108 
37751 
37883 
36293 
37106 
35003 
35762 
35394 
34845 
35583 
34361 
33550 
32749 
33470 
33258 
32664 
33809 
33182 
31500 
31579 
31902 
32612 
32391 
32174 
31888 
32268 
32252 
31837 
31960 
30993 
31348 
32223 
31499 
31943 
31671 
30461 
29950 
31242 
30310 
31081 
30564 
30070 
29736 
30081 
29536 
29841 
29258 
29933 
29347 
29975 
29076 
29158 
29586 
29534 
29605 
29839 
30347 
29531 
30072 
30101 
30166 
29470 
29137 
29688 
29722 
30026 
29725 
29427 
29592 
30212 
29956 
30128 
29921 
30418 
29814 
29636 
30739 
29718 
29851 
29525 
30260 
29666 
30604 
29912 
30383 